G:0.01 C:0.01 A:0.814016 FPOS:0.0851752 FNEG:0.100809
G:0.01 C:0.1 A:0.814016 FPOS:0.0851752 FNEG:0.100809
G:0.01 C:1 A:0.821294 FPOS:0.0816712 FNEG:0.097035
G:0.01 C:10 A:0.870889 FPOS:0.0690027 FNEG:0.0601078
G:0.1 C:0.01 A:0.848787 FPOS:0.0719677 FNEG:0.0792453
G:0.1 C:0.1 A:0.848787 FPOS:0.0719677 FNEG:0.0792453
G:0.1 C:1 A:0.891644 FPOS:0.0598383 FNEG:0.0485175
G:0.1 C:10 A:0.902156 FPOS:0.0504043 FNEG:0.0474394
G:1 C:0.01 A:0.811321 FPOS:0.169003 FNEG:0.0196765
G:1 C:0.1 A:0.811321 FPOS:0.169003 FNEG:0.0196765
G:1 C:1 A:0.851213 FPOS:0.106739 FNEG:0.0420485
G:1 C:10 A:0.845553 FPOS:0.117251 FNEG:0.0371968
G:10 C:0.01 A:0.709973 FPOS:0.274124 FNEG:0.015903
G:10 C:0.1 A:0.709973 FPOS:0.274124 FNEG:0.015903
G:10 C:1 A:0.709973 FPOS:0.274124 FNEG:0.015903
G:10 C:10 A:0.528841 FPOS:0.120216 FNEG:0.350943
