G:0.1 C:0.1 A:0.894879 FPOS:0.0522911 FNEG:0.0528302
G:0.1 C:0.2 A:0.894879 FPOS:0.0522911 FNEG:0.0528302
G:0.1 C:0.3 A:0.894879 FPOS:0.0522911 FNEG:0.0528302
